                            OLS Regression Results                            
==============================================================================
Dep. Variable:            gross_price   R-squared:                       0.718
Model:                            OLS   Adj. R-squared:                  0.711
Method:                 Least Squares   F-statistic:                     112.0
Date:                Mon, 07 Jun 2021   Prob (F-statistic):               0.00
Time:                        08:06:13   Log-Likelihood:                -26494.
No. Observations:                3472   AIC:                         5.314e+04
Df Residuals:                    3394   BIC:                         5.362e+04
Df Model:                          77                                         
Covariance Type:            nonrobust                                         
=========================================================================================================
                                            coef    std err          t      P>|t|      [0.025      0.975]
---------------------------------------------------------------------------------------------------------
Intercept                               839.7969     86.355      9.725      0.000     670.484    1009.109
area                                     35.2406      0.877     40.202      0.000      33.522      36.959
room_num                                102.3435     19.478      5.254      0.000      64.154     140.533
floor                                     3.4285      4.312      0.795      0.427      -5.027      11.884
total_floor                               6.5699      3.730      1.762      0.078      -0.743      13.883
year_built                               -0.0234      0.024     -0.960      0.337      -0.071       0.024
poddasze                               -321.5210    201.328     -1.597      0.110    -716.257      73.215
dish_washer                             146.1408     21.255      6.876      0.000     104.467     187.814
fridge                                  -95.2468     90.799     -1.049      0.294    -273.272      82.779
furniture                                -6.4465     47.649     -0.135      0.892     -99.870      86.977
oven                                     25.3067     27.073      0.935      0.350     -27.775      78.388
stove                                   -18.3580     48.633     -0.377      0.706    -113.711      76.995
tv_set                                   76.1942     18.985      4.013      0.000      38.970     113.418
washer                                 -114.5487     64.331     -1.781      0.075    -240.680      11.583
balcony                                  10.3066     21.364      0.482      0.630     -31.581      52.194
basement                                -11.3054     22.114     -0.511      0.609     -54.663      32.052
alarmsystem                             -77.1054     43.996     -1.753      0.080    -163.368       9.157
anti_burglaryblinds                      82.1384     57.131      1.438      0.151     -29.875     194.152
elevator                                 55.0184     22.022      2.498      0.013      11.840      98.197
separatekitchen                        -147.3924     20.595     -7.157      0.000    -187.772    -107.013
internet                                  7.5982     27.406      0.277      0.782     -46.136      61.332
cableTV                                 -38.9624     29.057     -1.341      0.180     -95.933      18.008
telephone                                -9.0794     30.725     -0.296      0.768     -69.322      51.163
airconditioning                         177.0184     30.231      5.856      0.000     117.746     236.291
availableforstudents                    -52.3048     25.891     -2.020      0.043    -103.068      -1.541
utilityroom                              82.3546     28.922      2.847      0.004      25.648     139.061
terrace                                  90.8363     30.394      2.989      0.003      31.244     150.428
two_level                               209.5352     93.817      2.233      0.026      25.591     393.479
garden                                   49.9871     40.718      1.228      0.220     -29.847     129.821
build_type_Apartment_high_q             142.9698     49.760      2.873      0.004      45.407     240.533
build_type_Apartment_medium_q           -66.1997     48.045     -1.378      0.168    -160.399      28.000
build_type_Infill                       194.4419    296.601      0.656      0.512    -387.092     775.976
loft                                   1469.1314    265.342      5.537      0.000     948.885    1989.378
szeregowiec                             208.0949    179.018      1.162      0.245    -142.899     559.088
wolnostojacy                           -288.7801    126.512     -2.283      0.023    -536.827     -40.733
build_type_Tenement                     140.9541     55.165      2.555      0.011      32.794     249.114
build_mat_Autoclaved_aerated_concrete   -47.1450     70.588     -0.668      0.504    -185.545      91.255
build_mat_Brick                         -14.0651     23.529     -0.598      0.550     -60.198      32.068
build_mat_Concreate                      45.0748     55.492      0.812      0.417     -63.727     153.877
build_mat_Concrete_masonry_unit         -69.2250     54.688     -1.266      0.206    -176.451      38.001
build_mat_Conreate_slab                 -41.6232     39.881     -1.044      0.297    -119.816      36.569
build_mat_Expanded_clay                -132.1472    360.792     -0.366      0.714    -839.538     575.244
build_mat_Other                          90.6132     48.794      1.857      0.063      -5.055     186.282
build_mat_Reinforced_concrete            42.7361     49.628      0.861      0.389     -54.567     140.039
build_mat_Silicatebrick                  16.2767     84.446      0.193      0.847    -149.294     181.848
build_mat_Wood                         -246.3889    358.920     -0.686      0.492    -950.110     457.332
windows_Aluminum                         61.7873     92.538      0.668      0.504    -119.648     243.223
windows_Plastic                         -48.6402     31.322     -1.553      0.121    -110.053      12.772
windows_Wooden                           16.0400     35.095      0.457      0.648     -52.770      84.850
heating_Boiler                          -49.9075     69.904     -0.714      0.475    -186.965      87.150
heating_Central                         -28.3425     33.067     -0.857      0.391     -93.176      36.491
heating_Electric                        -26.4136    114.352     -0.231      0.817    -250.619     197.792
heating_Gas                            -104.0866     62.877     -1.655      0.098    -227.367      19.194
heating_Other                           367.0635    131.483      2.792      0.005     109.269     624.858
status_Not_ready_yet                   -254.2612    218.431     -1.164      0.244    -682.531     174.009
status_Ready                             69.7859     35.907      1.944      0.052      -0.615     140.187
status_Renovation                     -1074.4333    362.196     -2.966      0.003   -1784.578    -364.289
district_Bemowo                        -132.5097     44.435     -2.982      0.003    -219.633     -45.387
district_Białołęka                     -267.0401     45.511     -5.868      0.000    -356.272    -177.808
district_Bielany                        -20.3183     43.573     -0.466      0.641    -105.750      65.113
district_Centrum                        550.8400     67.171      8.201      0.000     419.140     682.540
district_MetroWilanowska                 50.5986    342.258      0.148      0.882    -620.455     721.652
district_Mokotów                        162.8049     28.994      5.615      0.000     105.958     219.652
district_Ochota                         180.5834     40.568      4.451      0.000     101.043     260.124
district_Praga_Południe                  66.7118     37.948      1.758      0.079      -7.691     141.114
district_Praga_Północ                    81.7007     47.375      1.725      0.085     -11.185     174.587
district_Rembertów                     -538.1445    136.476     -3.943      0.000    -805.729    -270.560
district_Targówek                      -132.3049     49.922     -2.650      0.008    -230.185     -34.424
district_Ursus                         -129.0280     53.970     -2.391      0.017    -234.845     -23.211
district_Ursynów                         13.6869     40.523      0.338      0.736     -65.764      93.138
district_Warszawa                       147.1806    113.229      1.300      0.194     -74.823     369.184
district_Wawer                         -186.3871     79.715     -2.338      0.019    -342.681     -30.093
district_Wesoła                        -261.0862    135.608     -1.925      0.054    -526.968       4.796
district_Wilanów                        169.7450     50.404      3.368      0.001      70.920     268.570
district_Wola                           232.0718     30.998      7.487      0.000     171.294     292.849
district_Włochy                          46.4707     60.112      0.773      0.440     -71.389     164.330
district_mazowieckie                    118.0903     76.249      1.549      0.122     -31.407     267.588
district_Śródmieście                    456.7727     36.223     12.610      0.000     385.751     527.794
district_Żoliborz                       229.3582     52.163      4.397      0.000     127.084     331.632
==============================================================================
Omnibus:                     1575.164   Durbin-Watson:                   1.956
Prob(Omnibus):                  0.000   Jarque-Bera (JB):            26708.024
Skew:                           1.722   Prob(JB):                         0.00
Kurtosis:                      16.144   Cond. No.                     1.21e+17
==============================================================================

Warnings:
[1] Standard Errors assume that the covariance matrix of the errors is correctly specified.
[2] The smallest eigenvalue is 9.84e-25. This might indicate that there are
strong multicollinearity problems or that the design matrix is singular.